100
2 1
500 300
900
660
2 1
500 300
1500
809
2 2
50 100
450 449
1100 1101
2 1
500 300
300
500
1 8
10
11 13 17 11 16 14 12 18
1 7
6
54 13 30 30 54 17 29
1 1
3
874
1 5
8
53 16 24 51 88
2 8
18374 33681
915773 568733 998611 508642 354558 832996 974684 368496
838773 779020 677543 991512 710255 943737 901661 676953
1 8
10
6 3 7 1 2 4 5 8
1 1
4
404
2 2
4 6
800 440
1200 540
2 8
3 1
3516 4203 3537 3578 3903 3580 4091 3885
1228 1295 1238 1413 1371 1181 1441 1301
2 8
3 5
1683 1776 1810 1800 1632 1840 1800 1980
3001 2700 2700 3000 3000 2846 3137 2828
2 6
5 5
11710 12000 11188 12981 13200 10800
13200 12652 11385 10800 12000 11834
2 1
8 5
12988
8599
2 4
9 9
10887 13456 8100 13770
12797 16830 8100 11094
2 8
8 5
1600 3810 3465 5760 729 2160 4351 5600
481 2985 2431 4400 2068 1000 3500 1650
1 1
40945
778472
2 8
2 1
1586 720 1302 934 400 581 208 1400
200 700 440 549 782 283 660 107
2 8
676179 591156
986468 764287 935496 944436 958238 158406 954791 987010
976082 686787 861016 792250 790314 907415 888986 986123
1 1
4
9600
2 3
10 5
2128 1100 2846
450 1078 1560
2 5
6 10
11400 12415 11459 12540 11072
19744 18662 19000 17100 17985
1 5
5
1021 939 1000 1100 1098
2 5
8 1
59 49 88 32 48
4 8 9 6 6
1 6
5
5 11 15 35 5 55
1 4
8
8109 12240 3820 17248
2 8
446305 4984
540360 939769 987124 824199 525480 579948 607513 802794
311087 862157 894209 943493 977270 535512 904290 836821
1 1
2
2172
2 1
907455 120252
937018
304863
2 8
4 2
27 36 12 30 4 8 36 26
22 6 22 12 15 4 2 13
1 3
519995
556536 831731 637898
2 7
10 6
11042 9974 9900 10217 10988 10590 11040
6402 6776 6624 7170 6598 7260 6212
2 8
10 8
10 10 10 9 10 9 90 10
8 88 8 8 8 8 8 8
1 6
6
2376 1320 3802 1289 12000 8100
1 7
8
18000 20008 21162 20938 18000 20040 19263
2 8
9 6
34 99 81 19 72 38 25 79
66 13 51 54 18 48 26 24
1 2
6
6 11
2 7
9 3
3757 1620 4323 886 2700 5670 5390
1467 2310 660 1676 278 900 1225
2 5
5 6
9000 9248 8371 11000 4675
10800 10807 10800 5577 10808
1 4
10
3000 4208 2155 969
2 4
10 9
4400 2806 2154 1000
2478 1674 900 3240
1 6
166205
718771 782387 971129 820160 542007 960302
2 2
7 8
7 7
8 8
1 1
9
45
1 8
5
4000 1500 2608 496 1847 3106 1100 3850
1 1
3
1388
2 8
106462 181050
511806 242784 606871 982345 840203 922542 831504 685861
348482 988512 978534 679723 883767 495522 507973 764607
2 2
2 2
17 17
15 16
2 1
4 1
8448
2038
2 8
4 9
4743 4447 4412 4884 4168 3960 4768 4404
10847 9609 10890 10586 8991 9342 9927 9909
2 2
7 10
731 1540
1027 1800
2 2
4 5
4 4
5 5
2 1
8 7
735
700
2 8
88611 305308
999617 697416 885506 34092 846255 486915 494862 288026
897800 696193 987715 855042 347345 822430 994750 997891
2 8
6 3
3018 2700 2800 2867 2754 3174 3237 2788
1443 1441 1551 1511 1650 1683 1509 1379
2 1
3 6
5743
11243
2 2
244684 663651
912058 921891
948257 764609
1 6
10
970 3600 2000 5125 3223 5558
1 7
418020
900676 857424 458871 697349 822026 727265 956566
2 1
8 8
56
61
1 6
3
2970 1806 3605 4800 4290 4984
1 8
3
4594 4604 2757 3900 2970 323 5699 1667
2 6
98367 6705
981728 541210 986712 947313 957443 282020
426852 675038 971933 972594 981934 913731
1 5
5
38 10 33 29 45
2 5
9 2
1793 1966 1620 1697 1800
440 375 400 430 425
2 2
4 9
420 387
945 936
2 1
7 10
16694
23175
1 2
1
1 1
2 8
8 6
8 88 8 88 8 8 8 8
54 6 6 6 6 6 6 54
2 8
7 7
7500 13090 9834 7560 2867 7172 8400 1382
9240 8400 2912 10573 6819 1305 10710 7010
1 8
10
52 90 38 90 50 21 11 75
1 5
235412
821398 999864 675724 890597 877680
1 7
162472
999269 269224 653591 664045 874035 867496 875932
2 8
1 4
1383 1200 418 1260 206 1997 1540 800
4800 804 3200 6160 8510 5209 1733 5040
1 3
6
49 18 6
2 5
6 10
2382 2583 2160 2279 2205
3850 4400 4375 3970 4206
2 3
3 8
1080 1241 1200
3520 3200 3491
1 1
9
8100
2 8
9 2
17312 18000 18622 16956 19287 18000 19800 16376
4088 4000 3734 3671 4353 3636 3600 4000
1 6
1
2004 974 1800 2402 2238 1540
2 6
3 2
582 990 1091 303 1951 1500
540 1230 386 212 800 1000
2 1
8 8
5097
5215
2 2
1 4
659 731
2543 2700
1 4
6
54 35 24 19
2 8
8 2
1533 1760 1659 1600 1529 1760 1577 1730
400 361 437 382 360 360 416 422
2 8
1 1
1000000 999999 999998 999997 999996 999995 999994 999993
999992 999991 999990 999989 999988 999987 999986 999985
1 1
7
7023
2 2
7 1
686 766
98 107
2 3
1 8
300 207 90
880 1712 2400
1 2
10
1980 2310
1 7
8
5165 6160 2400 1760 4198 848 3060
1 4
10
11 9 10 11
1 1
1
1090
2 4
395156 227635
953695 668611 743206 983850
981424 716949 883086 579724
1 7
3
3018 3121 3198 3300 3000 2938 2806
1 3
1000000
900000 899999 900001
1 2
4
5588 5700
1 4
117693
855645 343940 991584 858957